339.0
281.0
595.0
336.0
603.0
441.0
209.0
381.0
499.0
423.0
333.0
484.0
351.0
378.0
364.0
319.0
454.0
283.0
520.0
253.0
395.0
380.0
470.0
331.0
354.0
330.0
557.0
414.0
564.0
481.0
530.0
289.0
245.0
341.0
356.0
453.0
340.0
276.0
207.0
446.0
310.0
394.0
362.0
357.0
266.0
72.0
308.0
520.0
448.0
370.0
255.0
435.0
298.0
394.0
618.0
315.0
553.0
350.0
305.0
512.0
316.0
290.0
377.0
253.0
395.0
435.0
328.0
453.0
420.0
346.0
117.0
312.0
452.0
423.0
408.0
314.0
469.0
494.0
519.0
355.0
297.0
530.0
228.0
409.0
218.0
494.0
364.0
509.0
418.0
587.0
504.0
336.0
428.0
543.0
402.0
459.0
292.0
365.0
329.0
508.0
373.0
376.0
554.0
414.0
367.0
577.0
319.0
314.0
306.0
403.0
464.0
482.0
208.0
603.0
459.0
404.0
401.0
464.0
374.0
470.0
399.0
312.0
362.0
425.0
337.0
370.0
406.0
252.0
319.0
322.0
469.0
436.0
353.0
480.0
418.0
282.0
290.0
259.0
318.0
291.0
333.0
371.0
524.0
248.0
392.0
219.0
407.0
399.0
181.0
337.0
405.0
450.0
462.0
550.0
268.0
607.0
120.0
322.0
330.0
422.0
380.0
392.0
338.0
548.0
512.0
338.0
283.0
423.0
362.0
349.0
299.0
342.0
474.0
507.0
409.0
231.0
261.0
314.0
411.0
489.0
406.0
449.0
570.0
330.0
229.0
484.0
200.0
153.0
350.0
462.0
451.0
305.0
396.0
549.0
206.0
322.0
506.0
469.0
470.0
429.0
315.0
326.0
462.0
518.0
274.0
288.0
470.0
346.0
515.0
324.0
461.0
422.0
601.0
360.0
471.0
292.0
436.0
430.0
437.0
328.0
289.0
386.0
293.0
318.0
414.0
300.0
500.0
413.0
588.0
516.0
571.0
354.0
216.0
342.0
464.0
192.0
366.0
291.0
360.0
251.0
353.0
325.0
322.0
347.0
206.0
405.0
335.0
439.0
328.0
363.0
502.0
521.0
479.0
470.0
296.0
351.0
330.0
312.0
252.0
514.0
342.0
416.0
389.0
466.0
471.0
489.0
415.0
368.0
388.0
342.0
463.0
310.0
298.0
435.0
570.0
441.0
404.0
230.0
378.0
371.0
598.0
547.0
390.0
389.0
445.0
722.0
296.0
410.0
478.0
302.0
579.0
457.0
405.0
559.0
463.0
305.0
320.0
459.0
590.0
309.0
436.0
365.0
479.0
249.0
325.0
553.0
453.0
404.0
435.0
435.0
384.0
536.0
269.0
502.0
453.0
373.0
499.0
263.0
580.0
375.0
552.0
479.0
511.0
490.0
342.0
260.0
398.0
299.0
424.0
291.0
406.0
627.0
362.0
401.0
493.0
319.0
335.0
197.0
360.0
606.0
604.0
253.0
512.0
325.0
237.0
579.0
443.0
294.0
168.0
413.0
345.0
534.0
314.0
461.0
404.0
415.0
431.0
311.0
388.0
551.0
441.0
253.0
486.0
272.0
434.0
214.0
448.0
399.0
428.0
392.0
558.0
434.0
335.0
408.0
155.0
462.0
496.0
377.0
341.0
315.0
455.0
229.0
573.0
205.0
502.0
440.0
418.0
479.0
467.0
411.0
323.0
459.0
465.0
182.0
461.0
652.0
538.0
320.0
538.0
475.0
244.0
340.0
473.0
262.0
236.0
387.0
196.0
425.0
406.0
429.0
553.0
366.0
420.0
495.0
542.0
356.0
350.0
422.0
296.0
590.0
337.0
307.0
661.0
363.0
357.0
324.0
367.0
329.0
530.0
496.0
153.0
356.0
419.0
630.0
460.0
461.0
418.0
423.0
468.0
197.0
626.0
510.0
434.0
312.0
336.0
355.0
246.0
508.0
311.0
590.0
323.0
266.0
266.0
341.0
225.0
231.0
277.0
253.0
312.0
207.0
262.0
213.0
346.0
250.0
317.0
206.0
313.0
244.0
284.0
220.0
343.0
280.0
219.0
244.0
219.0
293.0
321.0
334.0
184.0
375.0
366.0
201.0
202.0
290.0
206.0
149.0
270.0
300.0
293.0
261.0
108.0
304.0
286.0
257.0
168.0
272.0
199.0
357.0
215.0
341.0
351.0
306.0
309.0
281.0
256.0
132.0
215.0
240.0
269.0
258.0
211.0
249.0
293.0
224.0
195.0
275.0
232.0
199.0
298.0
226.0
234.0
192.0
247.0
220.0
293.0
105.0
252.0
151.0
211.0
318.0
187.0
291.0
302.0
275.0
192.0
118.0
331.0
261.0
293.0
202.0
275.0
191.0
280.0
267.0
282.0
169.0
225.0
186.0
306.0
300.0
328.0
259.0
126.0
339.0
234.0
277.0
245.0
262.0
141.0
196.0
191.0
251.0
312.0
238.0
343.0
291.0
208.0
257.0
145.0
260.0
278.0
225.0
294.0
268.0
215.0
272.0
289.0
231.0
283.0
287.0
312.0
248.0
329.0
278.0
210.0
271.0
240.0
198.0
205.0
180.0
280.0
277.0
151.0
272.0
285.0
265.0
238.0
205.0
184.0
332.0
208.0
216.0
230.0
210.0
292.0
175.0
193.0
271.0
353.0
291.0
186.0
269.0
215.0
232.0
267.0
183.0
224.0
259.0
331.0
228.0
273.0
212.0
201.0
240.0
313.0
203.0
320.0
252.0
146.0
205.0
226.0
253.0
310.0
327.0
303.0
159.0
244.0
209.0
205.0
200.0
164.0
253.0
320.0
224.0
267.0
247.0
248.0
164.0
258.0
193.0
270.0
209.0
212.0
280.0
202.0
189.0
339.0
286.0
270.0
332.0
309.0
163.0
251.0
252.0
217.0
194.0
286.0
216.0
293.0
202.0
245.0
288.0
272.0
279.0
271.0
295.0
322.0
238.0
205.0
315.0
287.0
276.0
309.0
249.0
249.0
228.0
171.0
263.0
371.0
248.0
289.0
160.0
256.0
214.0
246.0
238.0
144.0
288.0
241.0
321.0
299.0
198.0
211.0
347.0
272.0
206.0
261.0
218.0
300.0
244.0
223.0
274.0
260.0
172.0
293.0
267.0
159.0
282.0
238.0
189.0
240.0
204.0
271.0
255.0
161.0
277.0
252.0
247.0
233.0
342.0
286.0
314.0
310.0
303.0
280.0
285.0
249.0
226.0
208.0
185.0
282.0
179.0
203.0
283.0
174.0
167.0
266.0
173.0
252.0
335.0
168.0
304.0
175.0
243.0
284.0
116.0
339.0
274.0
223.0
342.0
170.0
333.0
223.0
232.0
216.0
246.0
290.0
231.0
331.0
152.0
312.0
119.0
283.0
249.0
371.0
283.0
210.0
275.0
322.0
237.0
175.0
184.0
234.0
240.0
243.0
214.0
216.0
230.0
265.0
367.0
185.0
255.0
195.0
229.0
228.0
206.0
229.0
205.0
160.0
198.0
113.0
174.0
276.0
147.0
249.0
302.0
253.0
221.0
179.0
271.0
259.0
260.0
240.0
179.0
201.0
170.0
246.0
243.0
237.0
212.0
229.0
227.0
213.0
263.0
303.0
104.0
229.0
248.0
209.0
285.0
248.0
227.0
308.0
281.0
193.0
150.0
292.0
293.0
196.0
330.0
223.0
222.0
267.0
257.0
264.0
206.0
285.0
267.0
264.0
297.0
340.0
372.0
206.0
153.0
209.0
256.0
247.0
218.0
251.0
235.0
278.0
229.0
289.0
266.0
299.0
227.0
225.0
222.0
266.0
317.0
274.0
197.0
303.0
212.0
169.0
163.0
259.0
180.0
258.0
261.0
234.0
341.0
265.0
166.0
201.0
303.0
190.0
203.0
185.0
298.0
365.0
344.0
267.0
226.0
283.0
243.0
287.0
218.0
169.0
232.0
286.0
245.0
339.0
323.0
237.0
267.0
346.0
208.0
207.0
243.0
298.0
265.0
317.0
309.0
162.0
252.0
359.0
232.0
228.0
274.0
324.0
271.0
316.0
237.0
302.0
266.0
144.0
308.0
270.0
186.0
235.0
309.0
228.0
245.0
148.0
222.0
214.0
229.0
166.0
243.0
256.0
245.0
227.0
264.0
211.0
261.0
244.0
246.0
165.0
279.0
182.0
279.0
313.0
252.0
256.0
349.0
305.0
265.0
160.0
305.0
281.0
282.0
244.0
245.0
264.0
258.0
255.0
213.0
171.0
196.0
256.0
249.0
266.0
284.0
217.0
291.0
185.0
258.0
274.0
215.0
209.0
216.0
207.0
244.0
198.0
244.0
289.0
286.0
250.0
277.0
258.0
202.0
180.0
318.0
183.0
276.0
295.0
244.0
225.0
245.0
337.0
249.0
191.0
281.0
269.0
277.0
250.0
244.0
305.0
189.0
389.0
262.0
235.0
197.0
167.0
213.0
246.0
266.0
363.0
204.0
335.0
227.0
238.0
193.0
269.0
250.0
274.0
295.0
276.0
223.0
230.0
225.0
321.0
283.0
293.0
270.0
212.0
247.0
228.0
281.0
310.0
238.0
213.0
315.0
245.0
304.0
196.0
224.0
167.0
286.0
179.0
224.0
332.0
235.0
278.0
256.0
290.0
313.0
301.0
186.0
214.0
159.0
286.0
236.0
221.0
315.0
224.0
313.0
240.0
158.0
334.0
243.0
242.0
228.0
217.0
311.0
215.0
273.0
185.0
301.0
293.0
231.0
187.0
221.0
221.0
306.0
251.0
231.0
232.0
170.0
208.0
183.0
174.0
147.0
216.0
280.0
166.0
258.0
255.0
213.0
313.0
222.0
192.0
236.0
189.0
195.0
245.0
280.0
276.0
132.0
227.0
241.0
174.0
323.0
357.0
328.0
257.0
292.0
190.0
187.0
172.0
226.0
252.0
176.0
281.0
267.0
265.0
354.0
328.0
186.0
251.0
300.0
157.0
254.0
244.0
230.0
323.0
280.0
229.0
218.0
270.0
303.0
281.0
178.0
268.0
202.0
213.0
247.0
222.0
237.0
273.0
254.0
149.0
242.0
252.0
374.0
306.0
213.0
237.0
236.0
295.0
268.0
239.0
233.0
193.0
339.0
190.0
252.0
284.0
223.0
276.0
160.0
125.0
254.0
161.0
208.0
238.0
260.0
271.0
287.0
271.0
247.0
232.0
178.0
231.0
247.0
220.0
203.0
254.0
321.0
273.0
145.0
305.0
357.0
227.0
237.0
201.0
214.0
230.0
265.0
139.0
226.0
246.0
247.0
202.0
280.0
149.0
207.0
206.0
207.0
142.0
273.0
218.0
342.0
65.0
228.0
225.0
211.0
355.0
310.0
187.0
275.0
301.0
157.0
338.0
226.0
204.0
261.0
304.0
219.0
227.0
263.0
271.0
248.0
349.0
313.0
294.0
229.0
261.0
145.0
294.0
221.0
234.0
276.0
351.0
219.0
236.0
228.0
276.0
278.0
150.0
258.0
187.0
197.0
198.0
206.0
282.0
180.0
253.0
207.0
385.0
201.0
206.0
302.0
228.0
286.0
244.0
223.0
246.0
273.0
191.0
311.0
292.0
332.0
223.0
168.0
365.0
230.0
231.0
228.0
291.0
220.0
264.0
251.0
301.0
260.0
177.0
240.0
155.0
194.0
230.0
270.0
271.0
214.0
254.0
245.0
257.0
266.0
260.0
303.0
273.0
279.0
181.0
207.0
279.0
153.0
294.0
226.0
246.0
146.0
190.0
232.0
255.0
161.0
271.0
299.0
226.0
223.0
237.0
262.0
248.0
201.0
208.0
215.0
324.0
253.0
219.0
242.0
227.0
226.0
278.0
288.0
291.0
358.0
177.0
287.0
202.0
264.0
318.0
226.0
324.0
199.0
235.0
313.0
338.0
177.0
252.0
274.0
341.0
221.0
160.0
179.0
267.0
238.0
273.0
229.0
287.0
234.0
184.0
191.0
205.0
249.0
270.0
214.0
280.0
302.0
218.0
306.0
278.0
214.0
232.0
278.0
179.0
255.0
259.0
165.0
247.0
277.0
280.0
157.0
287.0
214.0
217.0
203.0
269.0
256.0
233.0
274.0
233.0
197.0
301.0
259.0
323.0
286.0
247.0
277.0
279.0
168.0
238.0
162.0
201.0
236.0
244.0
265.0
219.0
400.0
186.0
265.0
331.0
186.0
313.0
136.0
279.0
249.0
143.0
258.0
378.0
237.0
314.0
330.0
269.0
204.0
198.0
248.0
275.0
324.0
224.0
246.0
255.0
253.0
278.0
215.0
233.0
251.0
230.0
271.0
251.0
302.0
274.0
287.0
243.0
263.0
255.0
257.0
251.0
263.0
287.0
331.0
276.0
180.0
227.0
213.0
300.0
311.0
348.0
290.0
164.0
369.0
217.0
203.0
200.0
264.0
167.0
178.0
254.0
305.0
289.0
245.0
216.0
269.0
309.0
190.0
205.0
269.0
191.0
264.0
214.0
252.0
322.0
264.0
246.0
209.0
285.0
238.0
294.0
200.0
223.0
273.0
272.0
162.0
233.0
189.0
175.0
234.0
299.0
268.0
241.0
175.0
183.0
235.0
216.0
245.0
213.0
292.0
226.0
236.0
250.0
274.0
282.0
264.0
238.0
233.0
223.0
306.0
179.0
233.0
314.0
211.0
247.0
230.0
268.0
279.0
238.0
276.0
296.0
154.0
180.0
321.0
268.0
287.0
262.0
241.0
218.0
190.0
242.0
166.0
292.0
202.0
325.0
207.0
151.0
226.0
256.0
264.0
256.0
215.0
199.0
251.0
212.0
173.0
263.0
290.0
223.0
187.0
304.0
317.0
208.0
289.0
273.0
193.0
175.0
162.0
184.0
200.0
265.0
275.0
209.0
365.0
183.0
299.0
254.0
292.0
190.0
228.0
203.0
106.0
219.0
270.0
161.0
320.0
260.0
302.0
220.0
117.0
283.0
278.0
213.0
247.0
177.0
293.0
227.0
275.0
222.0
237.0
197.0
266.0
252.0
242.0
165.0
201.0
315.0
307.0
320.0
238.0
328.0
279.0
268.0
213.0
262.0
296.0
206.0
339.0
347.0
215.0
200.0
195.0
266.0
193.0
185.0
256.0
189.0
277.0
237.0
360.0
196.0
283.0
231.0
192.0
274.0
200.0
242.0
224.0
241.0
133.0
177.0
326.0
254.0
286.0
233.0
252.0
287.0
310.0
218.0
323.0
181.0
273.0
318.0
249.0
249.0
176.0
236.0
254.0
264.0
255.0
309.0
219.0
229.0
308.0
269.0
261.0
287.0
230.0
234.0
303.0
180.0
352.0
280.0
217.0
250.0
263.0
239.0
293.0
262.0
232.0
336.0
271.0
327.0
326.0
354.0
304.0
223.0
259.0
197.0
234.0
290.0
152.0
201.0
218.0
185.0
226.0
307.0
197.0
246.0
175.0
223.0
165.0
265.0
220.0
300.0
222.0
275.0
305.0
324.0
404.0
273.0
293.0
226.0
299.0
198.0
195.0
296.0
207.0
326.0
281.0
227.0
226.0
273.0
192.0
189.0
311.0
258.0
222.0
214.0
200.0
187.0
215.0
311.0
364.0
235.0
251.0
222.0
306.0
111.0
283.0
214.0
294.0
296.0
267.0
221.0
243.0
222.0
248.0
151.0
173.0
258.0
213.0
290.0
212.0
235.0
221.0
225.0
299.0
190.0
235.0
227.0
240.0
286.0
339.0
268.0
301.0
323.0
219.0
314.0
236.0
275.0
303.0
318.0
341.0
299.0
194.0
216.0
175.0
227.0
253.0
364.0
203.0
189.0
216.0
162.0
238.0
185.0
218.0
219.0
258.0
255.0
259.0
299.0
235.0
213.0
239.0
259.0
261.0
290.0
263.0
283.0
275.0
233.0
184.0
349.0
254.0
271.0
304.0
240.0
312.0
173.0
209.0
292.0
194.0
261.0
347.0
265.0
230.0
302.0
305.0
185.0
216.0
192.0
229.0
237.0
241.0
219.0
168.0
216.0
324.0
133.0
161.0
308.0
244.0
196.0
173.0
298.0
259.0
238.0
250.0
227.0
193.0
320.0
223.0
160.0
231.0
233.0
243.0
260.0
256.0
185.0
286.0
219.0
221.0
253.0
196.0
242.0
291.0
160.0
293.0
268.0
205.0
239.0
238.0
240.0
360.0
186.0
184.0
267.0
181.0
281.0
260.0
202.0
293.0
261.0
248.0
218.0
140.0
254.0
253.0
303.0
242.0
160.0
346.0
314.0
171.0
226.0
300.0
258.0
224.0
291.0
292.0
262.0
20.0
20.0
199.0
20.0
20.0
20.0
20.0
20.0
217.0
20.0
20.0
20.0
20.0
20.0
279.0
199.0
272.0
438.0
266.0
241.0
184.0
322.0
266.0
255.0
269.0
234.0
276.0
254.0
278.0
253.0
280.0
260.0
246.0
259.0
224.0
250.0
257.0
257.0
252.0
10.0
10.0
10.0
10.0
10.0
10.0
10.0
10.0
10.0
10.0
10.0
10.0
10.0
10.0
10.0
10.0
10.0
10.0
10.0
10.0
10.0
10.0
10.0
10.0
10.0
10.0
10.0
10.0
10.0
10.0
10.0
10.0
10.0
10.0
10.0
10.0
10.0
10.0
10.0
10.0
10.0
10.0
10.0
10.0
10.0
10.0
10.0
10.0
10.0
10.0
10.0
10.0
10.0
10.0
10.0
10.0
10.0
10.0
10.0
10.0
10.0
10.0
10.0
10.0
10.0
10.0
10.0
10.0
10.0
10.0
10.0
10.0
10.0
10.0
10.0
10.0
10.0
10.0
10.0
10.0
10.0
10.0
10.0
10.0
10.0
10.0
10.0
10.0
10.0
10.0
10.0
10.0
10.0
10.0
10.0
10.0
10.0
10.0
10.0
10.0
10.0
10.0
10.0
10.0
10.0
10.0
10.0
10.0
10.0
10.0
10.0
10.0
10.0
10.0
10.0
10.0
10.0
10.0
10.0
10.0
10.0
10.0
10.0
10.0
10.0
10.0
10.0
10.0
10.0
10.0
10.0
10.0
10.0
10.0
10.0
10.0
10.0
10.0
10.0
10.0
10.0
10.0
10.0
10.0
10.0
10.0
10.0
10.0
10.0
10.0
10.0
10.0
10.0
10.0
10.0
10.0
10.0
10.0
10.0
10.0
10.0
10.0
10.0
10.0
10.0
10.0
10.0
10.0
10.0
10.0
10.0
10.0
10.0
10.0
10.0
10.0
10.0
10.0
10.0
10.0
10.0
10.0
10.0
10.0
10.0
10.0
10.0
10.0
10.0
10.0
10.0
10.0
10.0
10.0
10.0
10.0
10.0
10.0
10.0
10.0
10.0
10.0
10.0
10.0
10.0
10.0
10.0
10.0
10.0
10.0
10.0
10.0
10.0
10.0
10.0
10.0
10.0
10.0
10.0
10.0
10.0
10.0
10.0
10.0
10.0
10.0
10.0
10.0
10.0
10.0
10.0
10.0
10.0
10.0
10.0
10.0
10.0
10.0
10.0
10.0
10.0
10.0
10.0
10.0
10.0
10.0
10.0
10.0
10.0
10.0
10.0
10.0
10.0
10.0
10.0
10.0
10.0
10.0
10.0
10.0
10.0
10.0
10.0
10.0
10.0
10.0
10.0
10.0
10.0
10.0
10.0
10.0
10.0
10.0
10.0
10.0
10.0
10.0
10.0
10.0
10.0
10.0
10.0
10.0
10.0
10.0
10.0
10.0
10.0
10.0
10.0
10.0
10.0
10.0
10.0
10.0
10.0
10.0
10.0
10.0
10.0
10.0
10.0
10.0
10.0
10.0
10.0
10.0
10.0
10.0
10.0
10.0
10.0
10.0
10.0
10.0
10.0
10.0
10.0
10.0
10.0
10.0
10.0
10.0
10.0
10.0
10.0
10.0
10.0
10.0
10.0
10.0
10.0
10.0
10.0
10.0
10.0
10.0
10.0
10.0
10.0
10.0
10.0
10.0
10.0
10.0
10.0
10.0
10.0
10.0
10.0
10.0
20.0
10.0
20.0
20.0
20.0
20.0
10.0
20.0
10.0
20.0
20.0
20.0
20.0
10.0
10.0
10.0
10.0
10.0
10.0
10.0
10.0
10.0
10.0
10.0
10.0
10.0
10.0
10.0
10.0
10.0
10.0
10.0
10.0
10.0
10.0
10.0
10.0
10.0
10.0
10.0
10.0
10.0
10.0
10.0
10.0
10.0
10.0
10.0
10.0
10.0
10.0
10.0
10.0
10.0
10.0
10.0
10.0
10.0
10.0
10.0
10.0
10.0
10.0
10.0
10.0
10.0
10.0
10.0
10.0
10.0
10.0
10.0
10.0
10.0
10.0
10.0
10.0
10.0
10.0
10.0
10.0
10.0
10.0
10.0
10.0
10.0
10.0
10.0
10.0
10.0
10.0
10.0
10.0
10.0
10.0
10.0
10.0
10.0
10.0
10.0
10.0
10.0
10.0
10.0
10.0
10.0
10.0
10.0
10.0
10.0
10.0
10.0
10.0
10.0
10.0
10.0
10.0
10.0
10.0
10.0
10.0
10.0
10.0
10.0
10.0
10.0
10.0
10.0
10.0
10.0
10.0
10.0
10.0
10.0
10.0
10.0
10.0
10.0
10.0
10.0
10.0
10.0
10.0
10.0
10.0
10.0
10.0
10.0
10.0
10.0
10.0
10.0
10.0
10.0
10.0
10.0
10.0
10.0
10.0
10.0
10.0
10.0
10.0
10.0
10.0
10.0
10.0
10.0
10.0
10.0
10.0
10.0
10.0
10.0
10.0
10.0
10.0
10.0
10.0
10.0
10.0
10.0
10.0
10.0
10.0
10.0
10.0
10.0
10.0
10.0
10.0
10.0
10.0
10.0
10.0
10.0
10.0
10.0
10.0
10.0
10.0
10.0
10.0
10.0
10.0
10.0
10.0
10.0
10.0
10.0
10.0
10.0
10.0
10.0
10.0
10.0
10.0
10.0
10.0
10.0
10.0
10.0
10.0
10.0
10.0
10.0
10.0
10.0
10.0
10.0
10.0
20.0
10.0
20.0
10.0
10.0
20.0
10.0
20.0
20.0
10.0
20.0
10.0
20.0
10.0
10.0
20.0
10.0
20.0
20.0
10.0
20.0
10.0
20.0
10.0
10.0
20.0
10.0
20.0
20.0
10.0
10.0
10.0
10.0
10.0
20.0
10.0
20.0
10.0
10.0
20.0
10.0
20.0
20.0
10.0
10.0
10.0
10.0
10.0
10.0
10.0
10.0
10.0
10.0
10.0
10.0
10.0
10.0
10.0
10.0
10.0
10.0
10.0
10.0
10.0
10.0
10.0
10.0
10.0
10.0
10.0
10.0
10.0
10.0
10.0
10.0
10.0
10.0
10.0
10.0
10.0
10.0
10.0
10.0
10.0
10.0
10.0
10.0
10.0
10.0
10.0
10.0
10.0
10.0
10.0
10.0
10.0
10.0
10.0
10.0
10.0
10.0
10.0
10.0
10.0
10.0
10.0
10.0
10.0
10.0
10.0
10.0
10.0
10.0
10.0
10.0
10.0
10.0
10.0
10.0
10.0
10.0
10.0
10.0
10.0
10.0
10.0
10.0
10.0
10.0
10.0
10.0
10.0
10.0
10.0
10.0
10.0
10.0
10.0
10.0
10.0
10.0
10.0
10.0
10.0
10.0
10.0
10.0
10.0
10.0
10.0
10.0
10.0
10.0
10.0
10.0
10.0
10.0
10.0
10.0
10.0
10.0
10.0
10.0
10.0
10.0
10.0
10.0
10.0
10.0
10.0
10.0
10.0
10.0
10.0
10.0
10.0
10.0
10.0
10.0
10.0
10.0
10.0
10.0
10.0
10.0
10.0
10.0
10.0
10.0
10.0
10.0
10.0
10.0
10.0
10.0
10.0
10.0
10.0
10.0
10.0
10.0
10.0
10.0
10.0
10.0
10.0
10.0
10.0
10.0
10.0
10.0
10.0
10.0
10.0
10.0
10.0
10.0
10.0
10.0
10.0
10.0
10.0
10.0
10.0
10.0
10.0
10.0
10.0
10.0
10.0
10.0
10.0
10.0
10.0
10.0
10.0
10.0
10.0
10.0
10.0
10.0
10.0
10.0
10.0
10.0
10.0
10.0
10.0
10.0
10.0
10.0
10.0
10.0
10.0
10.0
10.0
10.0
10.0
10.0
10.0
10.0
10.0
10.0
10.0
10.0
10.0
10.0
10.0
10.0
10.0
10.0
10.0
10.0
10.0
10.0
10.0
10.0
10.0
10.0
10.0
10.0
10.0
10.0
10.0
10.0
10.0
10.0
10.0
10.0
10.0
10.0
10.0
10.0
10.0
10.0
10.0
10.0
10.0
10.0
10.0
10.0
10.0
10.0
10.0
10.0
10.0
10.0
10.0
10.0
10.0
10.0
10.0
10.0
10.0
10.0
10.0
10.0
10.0
10.0
10.0
10.0
10.0
10.0
10.0
10.0
10.0
10.0
10.0
10.0
10.0
10.0
10.0
10.0
10.0
10.0
10.0
10.0
10.0
10.0
10.0
10.0
10.0
10.0
10.0
10.0
10.0
10.0
10.0
10.0
10.0
10.0
10.0
10.0
10.0
10.0
10.0
10.0
10.0
10.0
10.0
10.0
10.0
10.0
10.0
10.0
10.0
10.0
10.0
10.0
10.0
10.0
10.0
10.0
10.0
10.0
10.0
10.0
10.0
10.0
10.0
10.0
10.0
10.0
10.0
10.0
10.0
10.0
10.0
10.0
10.0
10.0
10.0
10.0
10.0
10.0
10.0
10.0
10.0
10.0
10.0
10.0
10.0
10.0
10.0
10.0
10.0
10.0
10.0
10.0
10.0
10.0
10.0
10.0
10.0
10.0
10.0
10.0
10.0
10.0
10.0
10.0
10.0
10.0
10.0
10.0
10.0
10.0
10.0
10.0
10.0
10.0
10.0
10.0
10.0
10.0
10.0
10.0
10.0
10.0
10.0
10.0
10.0
10.0
10.0
10.0
10.0
10.0
10.0
10.0
10.0
10.0
10.0
10.0
10.0
10.0
10.0
10.0
10.0
10.0
10.0
10.0
10.0
10.0
10.0
10.0
10.0
10.0
10.0
10.0
10.0
10.0
10.0
10.0
10.0
10.0
10.0
10.0
10.0
10.0
